3.1023698131803537
34.157241834022884
28.780239780684777
40.11451997697104
45.421179615089166
24.619555591524318
17.343575853862937
10.26788510109572
20.77617278946291
19.54005446922356
18.52505226998536
20.113920131447877
18.046342287845313
35.551404509921674
20.243239578301853
21.539003586018982
30.430022869728123
368.28707381292145
34.918511449736336
57.512319714549044
51.16359224729652
356.32314532064885
119.35571923026104
39.91001056702321
420.0458116001281
127.95734067546076
433.73379303596676
40.62176213527947
413.16788228440805
68.57592562272045
264.5122190508521
256.8245258139683
112.45467810908247
440.0585829554773
427.64944712093575
88.22652890336856
381.1784678311369
151.37165831373056
52.267632417258014
193.78642903149898
237.67030141565874
250.81037387969494
255.55832312753282
83.62829710001476
141.87513202178332
172.61153757958962
152.51568807594612
186.51243658267222
254.60494129042402
309.4464103847132
43.72100735798014
212.75494176449305
88.63292415467897
206.66976865419127
155.2693388621806
46.41173157210807
33.040188058685985
140.4421698942113
29.511800677667978
139.68347467398368
27.442220892858124
156.8408898550089
160.24771870418525
145.61263148178995
115.89713530130878
147.2701672699273
110.73677886697105
192.50402477679728
157.41955819898428
136.76282235432504
79.49963751399939
78.3213980195352
145.5080725935239
104.566328572494
94.275647751168
176.13618194978895
158.91232611161263
180.45213337206445
109.04933644104081
111.6504482408961
163.95542612431902
115.80696788513721
109.17957288098408
120.8822565624649
90.15550856233119
195.82602034192573
108.54107746316998
164.14704279913522
52.602354003851275
131.4295875377992
142.07250097274138
77.32658830685341
172.64107624344518
114.99005687100434
83.31595380700811
119.1528660972378
140.7877980421154
135.7225881218071
138.69257062434679
138.38680237091924
112.75549412244926
141.29087172724667
140.6990856086062
140.9853164425288
99.32125962474554
98.6623610595355
64.45537311055185
92.30000090836147
41.37594765479373
108.75556747056228
113.55616412764726
106.33752191113209
107.71120780775149
90.86618688389767
98.79792855014307
94.71076876584597
94.75944731754632
64.6164192742698
82.8256706333483
79.63176937283178
119.27611225053182
148.50597965943214
140.70318248764178
120.74358563920849
109.28435453951649
79.0485786826722
113.70736333355343
122.08474021460371
120.25916789346218
108.65318064299804
132.18609365276401
91.27495680990944
93.57272279372637
91.03172024568696
86.08989047393464
82.10098048950341
82.86640536858576
80.26280897712446
80.9494543953983
90.85673574763618
92.79658150196765
88.02301194319642
79.79317092908468
54.0493386446288
103.01353106681503
153.77978249269455
72.47044754537971
156.53500641848552
157.64920769125703
147.48051862908994
79.0422035654781
91.09114767278109
82.4761577679882
96.33746855649925
105.49920358226233
151.98043295599223
103.05138081848031
107.94043919664321
177.30077610917436
161.75933361762418
97.1332622580211
166.1758498984576
176.07619995392292
159.7455256735064
98.48641948237344
92.12131727384629
174.58046515922015
101.087376147979
182.26207797330542
164.9702796645294
96.51340462290143
155.5106642149723
117.28404728310015
99.2072028675079
100.26388741066009
123.83827023174516
133.950994569343
167.01548362787585
129.32858639058378
102.63434344919341
92.9046142800568
108.89097608419681
145.22199736955392
135.50245349697818
114.98869323492598
92.88373562295722
158.95174258209266
149.88617572700701
134.86943499504426
79.31635101197685
117.02106219631416
74.70380290202827
148.89969155514538
171.48503818276671
107.27017439990448
88.5142269231484
122.5065808038265
93.96544034527493
147.29065920482384
79.25946320581586
137.2949144999735
72.46231315639926
156.69315050603038
96.30297073737066
101.34673583944056
70.43747798813389
83.13112396548428
90.65521053539153
105.15817158876352
188.47844540158474
178.00600422228587
99.1771871418911
187.58420833056715
179.13269203025976
184.5993302982787
148.6481385375958
168.60999281883232
136.6162270582198
140.87945151803004
123.30261895204117
175.0148027697622
174.12238595994262
139.27951217384717
145.58855155182886
144.76067218533885
119.34224633609601
141.06350148268407
123.74637658642321
148.68451995823077
122.51245159390295
95.41101523669612
134.84382988489554
144.32777680761959
145.92801993580767
177.8469119250571
190.9562056118808
131.4439046044943
136.39234123542832
90.4593232697102
128.26653416256732
207.41934790283793
130.6134416097084
134.30939931151522
126.7131479974868
161.62671980453655
121.02405279837568
153.0918631165072
123.52700404057693
176.47430465154687
148.45188905110058
143.6834591158802
133.64464094077087
185.41064292444676
154.86328275134792
123.09998407007235
111.18995912219039
152.40573410721288
229.851015586339
123.54329892150861
149.04733397612827
143.3970892694814
142.89524230873133
125.39126395126489
24.64433740842921
209.08801800203383
309.9388722749223
100.50107784930744
189.36169463029591
170.5888274670286
113.77824572328056
90.86667756277836
115.19079212950139
209.40412467003424
199.78136524441214
205.47481959851186
201.88107402895042
79.38144051438212
117.3653905240498
89.54636979403271
216.50777392375093
126.42677314028309
207.37216672448056
173.2875560918602
182.88540357366455
39.635095371592506
157.07742691486703
189.8117774161169
198.01803374811112
254.7381886308547
202.13141036421143
92.75939371340343
194.69511276445465
276.28289417454783
167.56489823835335
37.46547501078548
130.01435037860986
233.3220361512974
180.00683180355975
102.23062625556835
275.4115397939578
340.26664033832935
271.48252507682776
146.5627954852054
255.87021477302406
156.6535614163893
174.34042505303435
89.44757391437774
192.98893995023968
203.2810177059338
161.28979952331778
133.25235423151562
216.19441905570335
64.44635056799713
201.89345781664767
188.03340643502912
202.45487117399335
145.45755058781387
131.7989298533005
91.03212766711366
244.76596688050756
122.06410507434525
97.23265597775763
128.07590747610598
77.31969171509934
207.50312474074818
183.12191300134697
186.47158922804803
182.20471770590723
177.26369232127897
174.30378989438373
189.92311609853184
197.0384052808003
201.62168003284336
163.74608616658153
231.0491478247283
229.47252198716285
324.37086558631364
234.8422512646348
111.54590635926306
150.52113620304615
310.8916741625197
278.3356414200829
233.52663801767164
243.76197321013652
280.9288028763793
288.11428425781463
239.27485172562876
167.2958136802074
156.06281229618057
126.85117723855262
167.034480183983
161.45923261009509
134.74398230386308
166.28029853723328
120.62216138482657
122.13810147238013
146.5336269076954
98.93505577180093
124.73197214023557
78.99649529248657
101.1439467297161
103.84543737353475
100.98861529547601
61.93480622817372
70.66371487478696
89.87590668049666
78.36955644434407
74.24503612444376
79.85689191385502
64.2106210183797
123.74164508117623
81.55520548740569
105.73734707956272
99.55817020492447
93.11781802394928
109.70420024476428
187.809025525045
153.99262402693978
194.29966620564255
196.06390624170683
206.2100311643764
203.01416550144577
143.19543600633605
196.6415153285643
197.19356722212152
267.71782740354996
93.77298965371901
143.38357435406294
115.19860477298373
188.98139934941162
135.79509736522257
111.1613837819752
165.91261551561536
201.28121272820033
186.3885197017895
220.48711792465247
165.6515517747902
270.3477834049115
243.51883832844223
243.52201773801244
221.54075737666767
216.1853418385379
158.53938970314033
190.9717196898301
246.54851222229934
204.21515455276517
228.4760703053568
256.5990195612531
209.7235803224463
301.3123653250085
319.36738329140496
326.4355423988991
290.2534043011466
299.4514925394955
298.6021475466667
323.46063913062915
105.44901192577713
265.0079635670102
299.33032545313745
235.21856144065916
190.67457798676043
252.90734368707393
257.87584280129363
291.7701579350561
167.73273003744032
246.15550974064902
130.33711224537205
298.89200013835847
309.71714770695553
318.7980908373094
311.28372499753976
336.2598954004773
295.65337961385956
300.32783603068015
299.9907483161023
327.2729964583634
326.3946149554521
293.1077741065225
295.5957010388618
292.47194656403985
295.822906678932
270.4687181426514
271.3010120587511
225.51311524664808
248.7273345944845
278.4328986296885
331.91000193387157
343.661070289672
314.82064572619316
296.357433555133
297.9458125565273
296.85865256773053
279.01891612739587
252.80783941527753
214.65094307910837
206.15104260556384
231.22100205721554
253.5889405997447
265.20924005932403
232.25607120374727
235.4804788597228
229.30366211205512
226.7390324317255
217.26382044789702
234.08936016552863
172.25069203836017
189.82351626971223
206.9118138512819
219.21768142515683
185.09073142663618
194.93676903881638
195.16374453061155
225.21174782511585
219.1966812799095
143.50199620011975
212.1694786138177
197.39964419377554
224.79885898977255
168.68560737867668
105.52576293634831
164.47347204388328
229.30779315440225
227.53680561771645
270.0105637415338
260.68885353398167
232.94400163726016
239.52135860651802
240.53648915115176
243.5672961232886
224.61084554385346
209.86495674659562
233.4229562851578
252.81976175244964
244.6814742492956
231.5981134932695
241.5744330188849
256.22548240602055
227.02736252801694
199.06321579775172
181.28944023215502
220.84845079457585
197.85584321797538
125.60271139713802
239.64236087812733
242.4271933854691
257.13936453923554
204.09490781985127
245.78050089726887
248.66839927556725
255.93084839820463
236.56714078583016
233.5267214521622
227.67635213495197
219.42566639279286
228.64133729821165
221.8155346544357
214.65209201515006
224.40176609169296
125.83884523351006
110.71843648771409
220.4958965457164
135.53565130222788
199.58531494584548
162.80440655455644
223.20170796767104
227.08957427505223
141.35564173547124
112.62198395675078
207.17112673579797
106.82115704826018
143.9740840654562
247.71010404816522
240.93390219071406
268.69845318656434
92.24333474378217
239.51824159895918
259.29592389892423
137.30628107791398
231.04826313736746
232.84153282387084
234.00609841363777
253.89377130991699
264.6341242393623
264.44721843412043
278.61140469885595
252.65066810121107
143.95887804647276
263.10082346077576
237.98876860986266
236.47259406845257
244.03009834621685
247.03260694776748
228.34947804601669
288.2936029597064
112.28616851695344
196.86554571717957
210.05060810110848
201.1171439104509
274.5677731418125
250.34636340379038
307.13057097748685
238.62713314283414
261.32910321445536
331.7901309433256
307.07067314993566
319.4025519556967
231.74578221784608
180.5967181216322
163.7811842764573
142.68399900849897
213.52849279817428
193.9503203692245
274.6525903411053
242.69846822632869
333.26347171067
311.84182352788133
271.4441005591243
338.4156136122705
331.5869122651574
284.1518529573881
340.03736974016005
375.515207005561
339.42749339188987
359.4375187012573
409.04380995861845
172.25420306987758
248.24626725368472
413.31644178219176
358.69203931851393
331.6424203667831
201.88636841166846
441.11878363992446
385.6737936673497
417.46285636351865
419.04919616616235
370.22583676714567
421.9486349822041
358.41342581986663
191.05406353781297
384.26370117781124
397.6896239142896
363.3916117472438
341.0705029070537
350.92683011421013
362.75142629947067
367.8699473917247
401.06425670253
481.9713873513678
451.0622145265344
471.4184461085903
372.30588963055067
377.38371310443597
371.2572126023179
363.4477650256383
339.2575099161762
312.77806936482494
313.279075694857
285.3468606545251
270.2106908766606
267.9153269914993
220.80239639467814
176.91593316870149
238.3607597581295
127.61810790310042
240.3373618884577
102.60684143539189
149.47403234757027
112.23038740989132
282.9809226821702
294.7923983587335
273.04629654786925
271.70438101052196
311.5896330091877
323.59439636318194
298.83452038089894
132.55214313865793
276.06168137831435
261.31936483622013
289.9796703105087
299.4422521365174
280.3423376176349
350.06019338326354
260.5170986133834
328.79021542136036
287.1869854432278
313.8719755848557
271.8988576335741
273.44184812769805
326.40565529413425
153.52857980233887
306.1008226566089
375.4905739316969
350.09704900593744
302.76195941696534
293.64469362075414
274.94413754044956
298.5763880811846
258.80930030001787
314.137113683224
310.41155807567037
294.24554056061436
256.87200280891705
290.17122031128065
282.16335077630475
335.4072884925413
275.46856105135794
335.30187255827525
307.5473777407833
302.6800343924471
320.3140941955616
296.35522594423395
271.89609963366905
311.10519274566275
292.45542116336327
234.90800497394454
255.25345450448552
298.75627287843
356.2756751985837
318.23464406348023
300.9314265332691
259.19778982475543
294.369558755853
291.4429866315304
271.49085000892086
267.39917703844407
276.2224860818758
258.2980224218322
262.0645672450057
266.8558724601759
204.32563100224783
73.21816463168042
53.063472123933735
310.3252821580221
245.59667904611408
245.90504919296066
317.08973962327366
239.0952484620828
221.43627623495868
257.0735204011571
297.65115302848204
287.8107179327263
237.0200642805151
284.37703733382955
305.26877827414654
278.6940998470415
305.6181615429475
286.70293316398255
278.8050570124149
229.36874014058517
287.9169206597889
319.26638984192005
280.9085932628974
284.0101955635112
183.58744596950996
250.87454101620398
260.96274833104115
281.97291282696756
268.3240150982946
127.96960353374726
279.1060969333806
305.2549644469157
168.15474464946928
270.64227225222515
201.2757267964175
238.82628851790977
246.00133608006976
180.5715817810501
235.53645406127967
169.85912011193025
168.9295015562464
198.3090681463538
138.46489289012928
166.81564719102806
270.69421726756553
166.487848824935
218.7310880238174
179.28880715304268
142.8129112375359
176.32390424880782
254.02084597598082
208.64434111072734
208.161602243148
243.94506491408362
247.25627811745275
171.22222628308162
184.54461951899273
182.06421328235766
168.07321323324655
158.63223238464434
67.54121630957094
94.97394042889569
141.17985152139968
167.3958186803197
164.75660086290122
171.9579245010363
186.5573309400036
188.58278750840793
159.55861806675594
195.5114679540724
191.12238022800886
220.06621429966202
210.52244290811154
224.19220980070028
232.8654446126544
222.3900608087283
204.29061959564018
211.15583875137295
177.88263175335734
170.81231743049577
197.1694162031179
180.88782498684654
87.13639263411824
170.02896905891077
197.05938545505637
174.46137745230695
206.52412893404193
171.95448134191824
186.75259600219763
179.55871554691
193.94155116502895
164.9977739516792
193.91584854491535
169.79140297779827
216.97879808699295
160.64293702091166
182.02752627273773
163.37877750393082
220.65749156991524
208.23842817430102
195.1676361293687
232.64892863955805
202.94173225634427
253.6663749687503
198.2778443427383
532.2234018769552
263.78527958037097
98.29897764425206
280.3652485906403
283.3122009968255
243.32151200610676
337.18273717158917
340.22415671810484
298.5598112481081
415.2942851187899
246.8614027837235
494.9405675566796
269.69638931203406
276.7605519388128
347.43357553952217
454.8927401313291
493.66226182590384
503.0999681400336
455.7549881482088
425.64804728147834
436.84738804190835
330.14000815064657
499.7955545214892
376.7057719560151
459.40864944640583
233.67508104685075
277.0112099830716
235.584646820438
258.20863023091846
277.5335940871556
272.01235429708504
358.5187525129889
385.14288465512016
315.32873188591344
342.1060567963908
421.8520036114681
449.94837876278285
377.0139156500454
393.0071844389296
324.62496453739334
429.2884768507408
396.23324301770225
275.6692227166608
381.3479962450159
345.2495197443168
285.8856701380465
342.8361394585044
325.12003239394215
317.6586789147884
320.83840811188475
341.3489460179164
378.9622433176708
342.1449452897873
412.6446235823813
335.96585569009693
309.02874295428467
347.1410108312809
322.4506116179535
287.0092475841285
304.6790814969405
230.8486042269079
97.10879947178573
128.25489069480184
165.28894667989212
149.69190628515668
169.38312557987592
171.35383779119215
318.21165431977334
299.88842725416185
302.79913695833824
332.5051600626721
313.41642740449174
297.2369051674499
250.6292352636747
285.8291094761924
276.73714564726373
267.68269781401426
345.0449086357146
402.6882156925314
355.3685353678097
489.0826755438064
383.8875564996613
372.18500032790286
106.34060113335835
342.6337856309941
405.84793096311716
389.8936159416971
383.59040043194835
346.98701054731833
382.41902096992675
362.2057559686516
503.24631801644443
387.5365539730264
86.62040861276613
390.4848791984763
415.10846249756264
115.32590262060887
71.50046971364112
458.5298594399362
63.00245461591617
77.01864172359896
514.696916449334
88.6686299477675
540.5918085428693
422.8393468973001
100.95312431967109
452.6292582525778
478.1739151819689
462.5276986570211
488.4246089139062
177.76316393556263
444.37402803559115
453.01689084779946
420.867032532289
407.1115042092994
147.3516916127505
471.5177155653526
96.84054323952303
500.84468924583825
461.34632641920166
427.17707990244725
381.763492661035
113.29916765060597
305.45922400444744
351.34194946016873
341.3875925237849
144.3217054920926
263.8908264550021
238.19037426419405
252.17603561567515
317.2274277530942
353.9693406400441
269.41935911008517
294.3027319543136
338.505313053531
306.00117382382706
253.6378789068777
313.12560836887684
336.2016828401401
313.6764536200643
335.0714861001029
313.01941261209294
375.64574253085505
378.36996439853243
353.3630318411953
345.6085121615842
345.1364622129883
422.28167478848616
398.94584237014305
439.9483715662211
457.30789572514306
443.5500318695936
413.22182472565095
435.3886630403654
398.35677739284455
177.16973771560805
182.073756791063
221.17230091045892
365.4823124970563
383.2112274436699
264.09722980300546
37.609275628968355
152.45697672866254
369.0771280864753
380.5022865223588
353.47926938252533
382.68052940816426
372.937099229484
179.60911040732708
325.312057015653
334.26064781683533
355.0426774578968
371.52212805712827
328.90961265812064
299.78468187586833
201.1825549094825
288.1753942292335
361.2176231902425
270.24998630447993
240.7415533256141
211.8614020558536
191.28033666425372
286.13362416548176
267.09856790713644
226.7062509333193
244.7654288859679
215.39839381873517
249.28576844621338
240.60066468431694
254.26971808926794
276.19138672311277
310.2006330672488
281.7416437930576
107.21060531241177
258.91199945769995
216.5434646557587
251.3313873591774
208.73683150778842
202.2423122558832
258.4672787140731
242.42964804355015
254.96218379690495
245.4014509742387
230.99084153795485
260.2553118500889
228.68263243719542
